function [ output_args ] = DensSW( S, T )

DH2O = 999.842594 + 6.793952 * T - 9.095290 * T^2 ...
    +    1.001685 * T^3 - 1.120083 * T^4 + 6.536332 * T^5;

A = 8.24493 - 4.0899 * T + 7.6438 * T^2 ...
    -   8.2467 * T^3 + 5.3875 * T^4;
     B = -5.72466 + 1.0227 * T - 1.6546 * T^2;
     C = 4.8314;

     output_args = (DH2O + A*S + B*S^1.5 + C*S^2)/1000;

end

